#iter energy            energy_diff  abs_dens     rel_dens     abs_ev       rel_ev      
    1   -2.10619822E+01  2.10620E+01  1.99380E-02  2.49225E-03  8.87586E-03  2.17805E-03
    2   -2.10560450E+01  5.93720E-03  8.06816E-03  1.00852E-03  1.36053E-04  3.33871E-05
    3   -2.10577609E+01  1.71584E-03  4.04917E-03  5.06146E-04  2.14352E-04  5.26043E-05
    4   -2.10577655E+01  4.60568E-06  3.13041E-04  3.91301E-05  2.35517E-04  5.77952E-05
    5   -2.10600686E+01  2.30312E-03  1.01259E-03  1.26574E-04  1.10346E-03  2.70711E-04
    6   -2.10735878E+01  1.35193E-02  5.58015E-03  6.97519E-04  6.85056E-03  1.67783E-03
    7   -2.10732944E+01  2.93455E-04  3.36621E-04  4.20776E-05  2.02533E-04  4.96065E-05
    8   -2.10425055E+01  3.07889E-02  1.41484E-02  1.76855E-03  1.45337E-02  3.57247E-03
    9   -2.10686556E+01  2.61500E-02  1.08054E-02  1.35068E-03  1.42108E-02  3.48095E-03
   10   -2.10649817E+01  3.67388E-03  1.48686E-03  1.85858E-04  2.38152E-03  5.83695E-04
   11   -2.10574441E+01  7.53762E-03  3.18433E-03  3.98042E-04  3.84025E-03  9.42106E-04
   12   -2.10593228E+01  1.87878E-03  8.02248E-04  1.00281E-04  1.12119E-03  2.74980E-04
   13   -2.10613766E+01  2.05372E-03  8.44235E-04  1.05529E-04  1.04028E-03  2.55070E-04
   14   -2.10610762E+01  3.00367E-04  1.33736E-04  1.67169E-05  1.68472E-04  4.13102E-05
   15   -2.10610960E+01  1.97573E-05  9.12602E-06  1.14075E-06  1.31627E-05  3.22755E-06
   16   -2.10610862E+01  9.73787E-06  3.97089E-06  4.96362E-07  6.87547E-06  1.68589E-06
   17   -2.10611054E+01  1.91834E-05  8.53778E-06  1.06722E-06  9.39786E-06  2.30439E-06
   18   -2.10612127E+01  1.07280E-04  4.19235E-05  5.24044E-06  5.84558E-05  1.43333E-05
   19   -2.10610087E+01  2.03966E-04  7.96011E-05  9.95013E-06  1.14418E-04  2.80561E-05
   20   -2.10608369E+01  1.71826E-04  6.65979E-05  8.32474E-06  9.01573E-05  2.21077E-05
   21   -2.10609670E+01  1.30073E-04  5.32125E-05  6.65157E-06  7.12582E-05  1.74731E-05
   22   -2.10610280E+01  6.10379E-05  2.53181E-05  3.16477E-06  2.90702E-05  7.12819E-06
   23   -2.10610789E+01  5.08899E-05  1.86107E-05  2.32633E-06  2.84920E-05  6.98637E-06
   24   -2.10610742E+01  4.73391E-06  3.15817E-06  3.94771E-07  1.01563E-06  2.49038E-07
   25   -2.10610758E+01  1.60633E-06  1.27252E-06  1.59064E-07  1.83558E-07  4.50092E-08
   26   -2.10610751E+01  6.83364E-07  4.24773E-07  5.30966E-08  1.28897E-07  3.16062E-08
   27   -2.10610742E+01  9.32142E-07  4.33388E-07  5.41735E-08  4.41201E-07  1.08184E-07
   28   -2.10610693E+01  4.83675E-06  1.71811E-06  2.14763E-07  2.93668E-06  7.20087E-07
   29   -2.10610664E+01  2.87727E-06  1.28748E-06  1.60935E-07  1.21852E-06  2.98786E-07
   30   -2.10610647E+01  1.76629E-06  7.35099E-07  9.18874E-08  9.22080E-07  2.26098E-07
   31   -2.10610627E+01  1.99762E-06  8.42717E-07  1.05340E-07  9.79495E-07  2.40177E-07
   32   -2.10610626E+01  4.14672E-08  7.99348E-08  9.99184E-09  5.42497E-08  1.33023E-08
   33   -2.10610633E+01  6.70422E-07  2.15900E-07  2.69874E-08  3.97424E-07  9.74502E-08
   34   -2.10610643E+01  1.02267E-06  3.91587E-07  4.89484E-08  5.66146E-07  1.38822E-07
   35   -2.10610641E+01  2.40422E-07  9.54595E-08  1.19324E-08  1.30875E-07  3.20913E-08
   36   -2.10610639E+01  1.68968E-07  7.56059E-08  9.45074E-09  8.27951E-08  2.03018E-08
   37   -2.10610638E+01  8.59262E-08  3.99208E-08  4.99010E-09  3.71071E-08  9.09883E-09
   38   -2.10610638E+01  9.06234E-09  7.43052E-09  9.28814E-10  1.46848E-09  3.60079E-10
   39   -2.10610639E+01  2.42322E-08  1.25369E-08  1.56712E-09  9.34380E-09  2.29114E-09
   40   -2.10610639E+01  5.65696E-09  4.17333E-09  5.21666E-10  1.63326E-09  4.00482E-10
   41   -2.10610639E+01  6.10326E-09  3.76595E-09  4.70744E-10  1.40822E-09  3.45302E-10
   42   -2.10610639E+01  2.55772E-09  1.59278E-09  1.99097E-10  1.40375E-09  3.44207E-10
   43   -2.10610639E+01  9.17890E-10  8.05539E-10  1.00692E-10  5.60139E-10  1.37349E-10
   44   -2.10610639E+01  7.29283E-10  7.07633E-10  8.84541E-11  8.21494E-10  2.01434E-10
   45   -2.10610639E+01  1.13511E-09  4.74097E-10  5.92622E-11  5.20344E-10  1.27591E-10
   46   -2.10610639E+01  1.00179E-10  3.72023E-10  4.65029E-11  2.51103E-10  6.15717E-11
   47   -2.10610639E+01  4.16623E-10  4.62945E-10  5.78681E-11  1.49901E-10  3.67563E-11
   48   -2.10610639E+01  4.15046E-10  3.45758E-10  4.32197E-11  3.51008E-11  8.60689E-12
   49   -2.10610639E+01  2.20652E-10  1.99130E-10  2.48912E-11  1.47331E-11  3.61263E-12
   50   -2.10610639E+01  2.26652E-10  2.74914E-10  3.43643E-11  2.24283E-11  5.49952E-12
   51   -2.10610639E+01  3.01291E-10  2.17183E-10  2.71479E-11  4.93516E-11  1.21013E-11
   52   -2.10610639E+01  5.97389E-11  7.75650E-11  9.69563E-12  2.70211E-11  6.62569E-12
   53   -2.10610639E+01  1.27091E-10  1.43292E-10  1.79115E-11  1.88560E-12  4.62359E-13
   54   -2.10610639E+01  1.15438E-10  8.78049E-11  1.09756E-11  5.41984E-11  1.32897E-11
   55   -2.10610639E+01  9.00719E-11  3.76158E-11  4.70197E-12  6.33174E-11  1.55257E-11
   56   -2.10610639E+01  1.16010E-10  9.78565E-11  1.22321E-11  7.61435E-12  1.86708E-12
   57   -2.10610639E+01  3.69482E-13  4.30024E-11  5.37530E-12  7.49889E-12  1.83876E-12
